30 9.79
86 9.33
37 1.47
40 3.72
71 0.43
16 5.59
12 9.42
35 4.74
49 3.16
39 9.27
5 2.74
68 3.66
60 6.52
31 0.83
17 4.58
46 6.23
94 5.89
20 5.77
77 2.58
56 5.31
10 0.74
21 1.26
34 1.86
1 0.97
33 7.60
2 0.10
62 8.45
74 4.87
84 9.46
59 9.73
43 3.31
19 4.99
65 4.64
42 8.06
72 9.90
57 2.43
32 7.63
11 0.06
47 1.56
64 3.85
27 9.51
73 1.37
6 3.55
25 2.62
80 6.67
70 3.18
14 0.39
69 1.22
82 1.74
29 8.59
92 0.84
98 7.05
36 0.93
23 5.53
4 3.92
44 2.42
61 9.91
18 8.76
95 3.69
3 1.96
41 7.93
54 0.29
8 5.67
48 5.32
76 6.42
99 3.76
83 0.69
51 8.63
66 0.25
96 1.15
15 5.33
55 0.92
22 5.11
93 7.28
28 5.80
78 4.53
50 0.24
87 2.85
63 4.13
7 3.15
53 5.33
91 7.93
58 1.29
67 9.62
75 5.15
26 5.40
52 2.42
81 5.70
